# Logfile created on 2016-10-11 09:32:34 +0900 by logger.rb/41954
2016-10-11 09:32:00,24.2,60.0,708, 8.81,23.312, 0.0,0.0,0.0, 0.0,0.0,0.0, 0.0,0.0,0.0
2016-10-11 09:33:00,24.2,59.9,710, 8.84,23.375, 0.0,0.0,0.0, 0.0,0.0,0.0, 0.0,0.0,0.0
2016-10-11 09:34:00,24.2,59.8,711, 8.86,23.437, 0.0,0.0,0.0, 0.0,0.0,0.0, 0.0,0.0,0.0
2016-10-11 09:35:00,24.2,59.7,713, 8.88,23.437, 0.0,0.0,0.0, 0.0,0.0,0.0, 0.0,0.0,0.0
2016-10-11 09:36:00,24.3,59.7,713, 8.93,23.437, 0.0,0.0,0.0, 0.0,0.0,0.0, 0.0,0.0,0.0
2016-10-11 09:37:00,24.3,59.7,720, 8.93,23.5, 0.0,0.0,0.0, 0.0,0.0,0.0, 0.0,0.0,0.0
2016-10-11 09:38:00,24.3,59.6,725, 8.95,23.562, 0.0,0.0,0.0, 0.0,0.0,0.0, 0.0,0.0,0.0
2016-10-11 09:39:00,24.3,59.7,725, 8.93,23.562, 0.0,0.0,0.0, 0.0,0.0,0.0, 0.0,0.0,0.0
2016-10-11 09:40:00,24.3,59.5,720, 8.98,23.562, 0.0,0.0,0.0, 0.0,0.0,0.0, 0.0,0.0,0.0
2016-10-11 09:41:00,24.3,59.1,713, 9.06,23.562, 0.0,0.0,0.0, 0.0,0.0,0.0, 0.0,0.0,0.0
2016-10-11 09:42:00,24.3,58.2,704, 9.26,23.562, 0.0,0.0,0.0, 0.0,0.0,0.0, 0.0,0.0,0.0
2016-10-11 09:43:00,24.3,58.0,696, 9.31,23.625, 0.0,0.0,0.0, 0.0,0.0,0.0, 0.0,0.0,0.0
2016-10-11 09:44:00,24.3,57.8,679, 9.35,23.562, 0.0,0.0,0.0, 0.0,0.0,0.0, 0.0,0.0,0.0
2016-10-11 09:45:00,24.2,58.0,670, 9.26,23.562, 0.0,0.0,0.0, 0.0,0.0,0.0, 0.0,0.0,0.0
2016-10-11 09:46:00,24.2,58.1,662, 9.23,23.562, 0.0,0.0,0.0, 0.0,0.0,0.0, 0.0,0.0,0.0
2016-10-11 09:47:00,24.2,57.9,660, 9.28,23.562, 0.0,0.0,0.0, 0.0,0.0,0.0, 0.0,0.0,0.0
2016-10-11 09:48:00,24.2,57.9,660, 9.28,23.562, 0.0,0.0,0.0, 0.0,0.0,0.0, 0.0,0.0,0.0
2016-10-11 09:49:00,24.3,58.1,656, 9.29,23.562, 0.0,0.0,0.0, 0.0,0.0,0.0, 0.0,0.0,0.0
2016-10-11 09:50:00,24.3,57.9,654, 9.33,23.625, 0.0,0.0,0.0, 0.0,0.0,0.0, 0.0,0.0,0.0
2016-10-11 09:51:00,24.3,58.1,654, 9.29,23.625, 0.0,0.0,0.0, 0.0,0.0,0.0, 0.0,0.0,0.0
2016-10-11 09:52:00,24.3,58.2,658, 9.26,23.625, 0.0,0.0,0.0, 0.0,0.0,0.0, 0.0,0.0,0.0
2016-10-11 09:53:00,24.3,57.8,670, 9.35,23.625, 0.0,0.0,0.0, 0.0,0.0,0.0, 0.0,0.0,0.0
2016-10-11 09:54:00,24.3,58.5,682, 9.2,23.687, 0.0,0.0,0.0, 0.0,0.0,0.0, 0.0,0.0,0.0
2016-10-11 09:55:00,24.4,58.7,682, 9.2,23.687, 0.0,0.0,0.0, 0.0,0.0,0.0, 0.0,0.0,0.0
2016-10-11 09:56:00,24.4,58.7,686, 9.2,23.687, 0.0,0.0,0.0, 0.0,0.0,0.0, 0.0,0.0,0.0
2016-10-11 09:57:00,24.4,58.8,682, 9.18,23.75, 0.0,0.0,0.0, 0.0,0.0,0.0, 0.0,0.0,0.0
2016-10-11 09:58:00,24.4,58.8,680, 9.18,23.75, 0.0,0.0,0.0, 0.0,0.0,0.0, 0.0,0.0,0.0
2016-10-11 09:59:00,24.5,58.8,673, 9.23,23.75, 0.0,0.0,0.0, 0.0,0.0,0.0, 0.0,0.0,0.0
2016-10-11 10:00:00,24.5,58.8,670, 9.23,23.812, 0.0,0.0,0.0, 0.0,0.0,0.0, 0.0,0.0,0.0
2016-10-11 10:01:00,24.5,58.8,665, 9.23,23.812, 0.0,0.0,0.0, 0.0,0.0,0.0, 0.0,0.0,0.0
2016-10-11 10:02:00,24.5,58.7,663, 9.26,23.812, 0.0,0.0,0.0, 0.0,0.0,0.0, 0.0,0.0,0.0
2016-10-11 10:03:00,24.5,58.8,662, 9.23,23.812, 0.0,0.0,0.0, 0.0,0.0,0.0, 0.0,0.0,0.0
2016-10-11 10:04:00,24.5,58.7,663, 9.26,23.812, 0.0,0.0,0.0, 0.0,0.0,0.0, 0.0,0.0,0.0
2016-10-11 10:05:00,24.6,58.9,656, 9.26,23.875, 0.0,0.0,0.0, 0.0,0.0,0.0, 0.0,0.0,0.0
2016-10-11 10:06:00,24.6,58.9,656, 9.26,23.875, 0.0,0.0,0.0, 0.0,0.0,0.0, 0.0,0.0,0.0
2016-10-11 10:07:00,24.6,58.8,659, 9.29,23.875, 0.0,0.0,0.0, 0.0,0.0,0.0, 0.0,0.0,0.0
2016-10-11 10:08:00,24.6,58.7,654, 9.31,23.875, 0.0,0.0,0.0, 0.0,0.0,0.0, 0.0,0.0,0.0
2016-10-11 10:09:00,24.6,58.8,649, 9.29,23.937, 0.0,0.0,0.0, 0.0,0.0,0.0, 0.0,0.0,0.0
2016-10-11 10:10:00,24.6,58.7,645, 9.31,23.937, 0.0,0.0,0.0, 0.0,0.0,0.0, 0.0,0.0,0.0
2016-10-11 10:11:00,24.6,58.5,643, 9.35,23.937, 0.0,0.0,0.0, 0.0,0.0,0.0, 0.0,0.0,0.0
2016-10-11 10:12:00,24.7,58.3,640, 9.45,23.937, 0.0,0.0,0.0, 0.0,0.0,0.0, 0.0,0.0,0.0
2016-10-11 10:13:00,24.7,58.4,637, 9.43,23.937, 0.0,0.0,0.0, 0.0,0.0,0.0, 0.0,0.0,0.0
2016-10-11 10:14:00,24.7,58.5,637, 9.41,24.0, 0.0,0.0,0.0, 0.0,0.0,0.0, 0.0,0.0,0.0
2016-10-11 10:15:00,24.7,58.6,634, 9.38,24.0, 0.0,0.0,0.0, 0.0,0.0,0.0, 0.0,0.0,0.0
2016-10-11 10:16:00,24.7,58.5,632, 9.41,24.0, 0.0,0.0,0.0, 0.0,0.0,0.0, 0.0,0.0,0.0
2016-10-11 10:17:00,24.8,58.6,629, 9.44,24.0, 0.0,0.0,0.0, 0.0,0.0,0.0, 0.0,0.0,0.0
2016-10-11 10:18:00,24.8,58.6,632, 9.44,24.062, 0.0,0.0,0.0, 0.0,0.0,0.0, 0.0,0.0,0.0
2016-10-11 10:19:00,24.8,58.5,625, 9.46,24.062, 0.0,0.0,0.0, 0.0,0.0,0.0, 0.0,0.0,0.0
2016-10-11 10:20:00,24.8,58.4,625, 9.48,24.062, 0.0,0.0,0.0, 0.0,0.0,0.0, 0.0,0.0,0.0
2016-10-11 10:21:00,24.8,58.5,626, 9.46,24.062, 0.0,0.0,0.0, 0.0,0.0,0.0, 0.0,0.0,0.0
2016-10-11 10:22:00,24.8,58.7,625, 9.41,24.125, 0.0,0.0,0.0, 0.0,0.0,0.0, 0.0,0.0,0.0
2016-10-11 10:23:00,24.8,58.7,625, 9.41,24.125, 0.0,0.0,0.0, 0.0,0.0,0.0, 0.0,0.0,0.0
2016-10-11 10:24:00,24.9,58.5,626, 9.51,24.125, 0.0,0.0,0.0, 0.0,0.0,0.0, 0.0,0.0,0.0
2016-10-11 10:25:00,24.9,58.6,624, 9.49,24.125, 0.0,0.0,0.0, 0.0,0.0,0.0, 0.0,0.0,0.0
2016-10-11 10:26:00,24.9,58.8,620, 9.44,24.125, 0.0,0.0,0.0, 0.0,0.0,0.0, 0.0,0.0,0.0
2016-10-11 10:27:00,24.9,58.5,614, 9.51,24.187, 0.0,0.0,0.0, 0.0,0.0,0.0, 0.0,0.0,0.0
2016-10-11 10:28:00,24.9,58.5,612, 9.51,24.187, 0.0,0.0,0.0, 0.0,0.0,0.0, 0.0,0.0,0.0
2016-10-11 10:29:00,24.9,58.6,609, 9.49,24.187, 0.0,0.0,0.0, 0.0,0.0,0.0, 0.0,0.0,0.0
2016-10-11 10:30:00,24.9,58.7,609, 9.47,24.187, 0.0,0.0,0.0, 0.0,0.0,0.0, 0.0,0.0,0.0
2016-10-11 10:31:00,24.9,58.8,612, 9.44,24.25, 0.0,0.0,0.0, 0.0,0.0,0.0, 0.0,0.0,0.0
2016-10-11 10:32:00,24.9,58.6,606, 9.49,24.25, 0.0,0.0,0.0, 0.0,0.0,0.0, 0.0,0.0,0.0
2016-10-11 10:33:00,24.9,58.7,601, 9.47,24.25, 0.0,0.0,0.0, 0.0,0.0,0.0, 0.0,0.0,0.0
2016-10-11 10:34:00,24.9,58.7,597, 9.47,24.312, 0.0,0.0,0.0, 0.0,0.0,0.0, 0.0,0.0,0.0
2016-10-11 10:35:00,24.9,58.8,595, 9.44,24.312, 0.0,0.0,0.0, 0.0,0.0,0.0, 0.0,0.0,0.0
2016-10-11 10:36:00,24.9,58.8,594, 9.44,24.312, 0.0,0.0,0.0, 0.0,0.0,0.0, 0.0,0.0,0.0
2016-10-11 10:37:00,24.9,58.8,598, 9.44,24.312, 0.0,0.0,0.0, 0.0,0.0,0.0, 0.0,0.0,0.0
2016-10-11 10:38:00,24.9,58.7,600, 9.47,24.312, 0.0,0.0,0.0, 0.0,0.0,0.0, 0.0,0.0,0.0
2016-10-11 10:39:00,24.9,58.7,605, 9.47,24.312, 0.0,0.0,0.0, 0.0,0.0,0.0, 0.0,0.0,0.0
2016-10-11 10:40:00,24.9,58.9,601, 9.42,24.375, 0.0,0.0,0.0, 0.0,0.0,0.0, 0.0,0.0,0.0
2016-10-11 10:41:00,25.0,58.8,591, 9.5,24.375, 0.0,0.0,0.0, 0.0,0.0,0.0, 0.0,0.0,0.0
2016-10-11 10:42:00,25.0,58.7,586, 9.52,24.375, 0.0,0.0,0.0, 0.0,0.0,0.0, 0.0,0.0,0.0
2016-10-11 10:43:00,25.0,58.7,586, 9.52,24.375, 0.0,0.0,0.0, 0.0,0.0,0.0, 0.0,0.0,0.0
2016-10-11 10:44:00,25.0,58.7,589, 9.52,24.375, 0.0,0.0,0.0, 0.0,0.0,0.0, 0.0,0.0,0.0
2016-10-11 10:45:00,25.0,58.7,594, 9.52,24.375, 0.0,0.0,0.0, 0.0,0.0,0.0, 0.0,0.0,0.0
2016-10-11 10:46:00,25.0,58.5,586, 9.57,24.375, 0.0,0.0,0.0, 0.0,0.0,0.0, 0.0,0.0,0.0
2016-10-11 10:47:00,25.0,58.6,581, 9.54,24.437, 0.0,0.0,0.0, 0.0,0.0,0.0, 0.0,0.0,0.0
2016-10-11 10:48:00,25.0,58.5,575, 9.57,24.437, 0.0,0.0,0.0, 0.0,0.0,0.0, 0.0,0.0,0.0
2016-10-11 10:49:00,25.0,58.6,574, 9.54,24.437, 0.0,0.0,0.0, 0.0,0.0,0.0, 0.0,0.0,0.0
2016-10-11 10:50:00,25.1,58.6,575, 9.6,24.437, 0.0,0.0,0.0, 0.0,0.0,0.0, 0.0,0.0,0.0
2016-10-11 10:51:00,25.1,58.5,575, 9.62,24.437, 0.0,0.0,0.0, 0.0,0.0,0.0, 0.0,0.0,0.0
2016-10-11 10:52:00,25.1,58.6,577, 9.6,24.437, 0.0,0.0,0.0, 0.0,0.0,0.0, 0.0,0.0,0.0
2016-10-11 10:53:00,25.1,58.6,577, 9.6,24.5, 0.0,0.0,0.0, 0.0,0.0,0.0, 0.0,0.0,0.0
2016-10-11 10:54:00,25.1,58.6,579, 9.6,24.5, 0.0,0.0,0.0, 0.0,0.0,0.0, 0.0,0.0,0.0
2016-10-11 10:55:00,25.1,58.6,571, 9.6,24.5, 0.0,0.0,0.0, 0.0,0.0,0.0, 0.0,0.0,0.0
2016-10-11 10:56:00,25.1,58.5,563, 9.62,24.5, 0.0,0.0,0.0, 0.0,0.0,0.0, 0.0,0.0,0.0
2016-10-11 10:57:00,25.1,58.5,567, 9.62,24.5, 0.0,0.0,0.0, 0.0,0.0,0.0, 0.0,0.0,0.0
2016-10-11 10:58:00,25.1,58.6,569, 9.6,24.5, 0.0,0.0,0.0, 0.0,0.0,0.0, 0.0,0.0,0.0
2016-10-11 10:59:00,25.1,58.4,571, 9.64,24.5, 0.0,0.0,0.0, 0.0,0.0,0.0, 0.0,0.0,0.0
2016-10-11 11:00:00,25.2,58.5,571, 9.68,24.5, 0.0,0.0,0.0, 0.0,0.0,0.0, 0.0,0.0,0.0
2016-10-11 11:01:00,25.2,58.3,569, 9.72,24.5, 0.0,0.0,0.0, 0.0,0.0,0.0, 0.0,0.0,0.0
2016-10-11 11:02:00,25.2,58.3,561, 9.72,24.5, 0.0,0.0,0.0, 0.0,0.0,0.0, 0.0,0.0,0.0
2016-10-11 11:03:00,25.2,58.1,557, 9.77,24.562, 0.0,0.0,0.0, 0.0,0.0,0.0, 0.0,0.0,0.0
2016-10-11 11:04:00,25.3,58.0,556, 9.85,24.562, 0.0,0.0,0.0, 0.0,0.0,0.0, 0.0,0.0,0.0
2016-10-11 11:05:00,25.3,58.1,554, 9.82,24.562, 0.0,0.0,0.0, 0.0,0.0,0.0, 0.0,0.0,0.0
2016-10-11 11:06:00,25.3,58.1,555, 9.82,24.562, 0.0,0.0,0.0, 0.0,0.0,0.0, 0.0,0.0,0.0
2016-10-11 11:07:00,25.3,58.1,557, 9.82,24.562, 0.0,0.0,0.0, 0.0,0.0,0.0, 0.0,0.0,0.0
2016-10-11 11:08:00,25.3,58.0,554, 9.85,24.625, 0.0,0.0,0.0, 0.0,0.0,0.0, 0.0,0.0,0.0
2016-10-11 11:09:00,25.4,58.1,552, 9.88,24.625, 0.0,0.0,0.0, 0.0,0.0,0.0, 0.0,0.0,0.0
2016-10-11 11:10:00,25.4,57.8,550, 9.95,24.625, 0.0,0.0,0.0, 0.0,0.0,0.0, 0.0,0.0,0.0
2016-10-11 11:11:00,25.4,57.8,549, 9.95,24.687, 0.0,0.0,0.0, 0.0,0.0,0.0, 0.0,0.0,0.0
2016-10-11 11:12:00,25.4,57.7,550, 9.97,24.687, 0.0,0.0,0.0, 0.0,0.0,0.0, 0.0,0.0,0.0
2016-10-11 11:13:00,25.5,57.6,550, 10.05,24.687, 0.0,0.0,0.0, 0.0,0.0,0.0, 0.0,0.0,0.0
2016-10-11 11:14:00,25.5,57.7,549, 10.03,24.687, 0.0,0.0,0.0, 0.0,0.0,0.0, 0.0,0.0,0.0
2016-10-11 11:15:00,25.5,57.7,547, 10.03,24.75, 0.0,0.0,0.0, 0.0,0.0,0.0, 0.0,0.0,0.0
2016-10-11 11:16:00,25.5,57.7,549, 10.03,24.75, 0.0,0.0,0.0, 0.0,0.0,0.0, 0.0,0.0,0.0
2016-10-11 11:17:00,25.5,57.5,550, 10.08,24.75, 0.0,0.0,0.0, 0.0,0.0,0.0, 0.0,0.0,0.0
2016-10-11 11:18:00,25.5,57.4,550, 10.1,24.812, 0.0,0.0,0.0, 0.0,0.0,0.0, 0.0,0.0,0.0
2016-10-11 11:19:00,25.5,57.6,543, 10.05,24.812, 0.0,0.0,0.0, 0.0,0.0,0.0, 0.0,0.0,0.0
2016-10-11 11:20:00,25.6,57.6,542, 10.11,24.812, 0.0,0.0,0.0, 0.0,0.0,0.0, 0.0,0.0,0.0
2016-10-11 11:21:00,25.6,57.5,541, 10.13,24.812, 0.0,0.0,0.0, 0.0,0.0,0.0, 0.0,0.0,0.0
2016-10-11 11:22:00,25.6,57.5,539, 10.13,24.875, 0.0,0.0,0.0, 0.0,0.0,0.0, 0.0,0.0,0.0
2016-10-11 11:23:00,25.6,57.7,540, 10.09,24.875, 0.0,0.0,0.0, 0.0,0.0,0.0, 0.0,0.0,0.0
2016-10-11 11:24:00,25.7,57.6,537, 10.17,24.875, 0.0,0.0,0.0, 0.0,0.0,0.0, 0.0,0.0,0.0
2016-10-11 11:25:00,25.7,57.6,533, 10.17,24.875, 0.0,0.0,0.0, 0.0,0.0,0.0, 0.0,0.0,0.0
2016-10-11 11:26:00,25.7,57.6,533, 10.17,24.875, 0.0,0.0,0.0, 0.0,0.0,0.0, 0.0,0.0,0.0
2016-10-11 11:27:00,25.7,57.6,531, 10.17,24.937, 0.0,0.0,0.0, 0.0,0.0,0.0, 0.0,0.0,0.0
2016-10-11 11:28:00,25.7,57.6,529, 10.17,24.937, 0.0,0.0,0.0, 0.0,0.0,0.0, 0.0,0.0,0.0
2016-10-11 11:29:00,25.7,57.2,522, 10.26,24.937, 0.0,0.0,0.0, 0.0,0.0,0.0, 0.0,0.0,0.0
2016-10-11 11:30:00,25.7,57.2,519, 10.26,25.0, 0.0,0.0,0.0, 0.0,0.0,0.0, 0.0,0.0,0.0
2016-10-11 11:31:00,25.8,57.3,520, 10.3,25.0, 0.0,0.0,0.0, 0.0,0.0,0.0, 0.0,0.0,0.0
2016-10-11 11:32:00,25.8,57.4,518, 10.27,25.0, 0.0,0.0,0.0, 0.0,0.0,0.0, 0.0,0.0,0.0
2016-10-11 11:33:00,25.8,57.5,517, 10.25,25.0, 0.0,0.0,0.0, 0.0,0.0,0.0, 0.0,0.0,0.0
2016-10-11 11:34:00,25.8,57.4,518, 10.27,25.0, 0.0,0.0,0.0, 0.0,0.0,0.0, 0.0,0.0,0.0
2016-10-11 11:35:00,25.8,57.3,518, 10.3,25.062, 0.0,0.0,0.0, 0.0,0.0,0.0, 0.0,0.0,0.0
2016-10-11 11:36:00,25.8,57.2,517, 10.32,25.062, 0.0,0.0,0.0, 0.0,0.0,0.0, 0.0,0.0,0.0
2016-10-11 11:37:00,25.8,57.2,516, 10.32,25.062, 0.0,0.0,0.0, 0.0,0.0,0.0, 0.0,0.0,0.0
2016-10-11 11:38:00,25.8,57.3,518, 10.3,25.062, 0.0,0.0,0.0, 0.0,0.0,0.0, 0.0,0.0,0.0
2016-10-11 11:39:00,25.9,57.5,516, 10.3,25.125, 0.0,0.0,0.0, 0.0,0.0,0.0, 0.0,0.0,0.0
2016-10-11 11:40:00,25.9,57.1,516, 10.4,25.125, 0.0,0.0,0.0, 0.0,0.0,0.0, 0.0,0.0,0.0
2016-10-11 11:41:00,25.9,56.9,517, 10.45,25.125, 0.0,0.0,0.0, 0.0,0.0,0.0, 0.0,0.0,0.0
2016-10-11 11:42:00,25.9,57.1,515, 10.4,25.187, 0.0,0.0,0.0, 0.0,0.0,0.0, 0.0,0.0,0.0
2016-10-11 11:43:00,25.9,57.1,515, 10.4,25.187, 0.0,0.0,0.0, 0.0,0.0,0.0, 0.0,0.0,0.0
2016-10-11 11:44:00,25.9,57.1,514, 10.4,25.187, 0.0,0.0,0.0, 0.0,0.0,0.0, 0.0,0.0,0.0
2016-10-11 11:45:00,25.9,57.2,511, 10.38,25.187, 0.0,0.0,0.0, 0.0,0.0,0.0, 0.0,0.0,0.0
2016-10-11 11:46:00,26.0,57.2,509, 10.44,25.187, 0.0,0.0,0.0, 0.0,0.0,0.0, 0.0,0.0,0.0
2016-10-11 11:47:00,26.0,57.2,507, 10.44,25.25, 0.0,0.0,0.0, 0.0,0.0,0.0, 0.0,0.0,0.0
2016-10-11 11:48:00,26.0,57.2,511, 10.44,25.25, 0.0,0.0,0.0, 0.0,0.0,0.0, 0.0,0.0,0.0
2016-10-11 11:49:00,26.0,57.1,507, 10.46,25.25, 0.0,0.0,0.0, 0.0,0.0,0.0, 0.0,0.0,0.0
2016-10-11 11:50:00,26.0,57.0,508, 10.48,25.25, 0.0,0.0,0.0, 0.0,0.0,0.0, 0.0,0.0,0.0
2016-10-11 11:51:00,26.0,57.0,507, 10.48,25.312, 0.0,0.0,0.0, 0.0,0.0,0.0, 0.0,0.0,0.0
2016-10-11 11:52:00,26.0,57.0,505, 10.48,25.312, 0.0,0.0,0.0, 0.0,0.0,0.0, 0.0,0.0,0.0
2016-10-11 11:53:00,26.0,57.1,500, 10.46,25.312, 0.0,0.0,0.0, 0.0,0.0,0.0, 0.0,0.0,0.0
2016-10-11 11:54:00,26.1,57.0,503, 10.54,25.312, 0.0,0.0,0.0, 0.0,0.0,0.0, 0.0,0.0,0.0
2016-10-11 11:55:00,26.1,57.1,501, 10.52,25.375, 0.0,0.0,0.0, 0.0,0.0,0.0, 0.0,0.0,0.0
2016-10-11 11:56:00,26.1,57.0,500, 10.54,25.375, 0.0,0.0,0.0, 0.0,0.0,0.0, 0.0,0.0,0.0
2016-10-11 11:57:00,26.1,56.9,501, 10.57,25.375, 0.0,0.0,0.0, 0.0,0.0,0.0, 0.0,0.0,0.0
2016-10-11 11:58:00,26.1,57.0,501, 10.54,25.375, 0.0,0.0,0.0, 0.0,0.0,0.0, 0.0,0.0,0.0
2016-10-11 11:59:00,26.1,57.0,498, 10.54,25.375, 0.0,0.0,0.0, 0.0,0.0,0.0, 0.0,0.0,0.0
2016-10-11 12:00:00,26.1,57.0,499, 10.54,25.375, 0.0,0.0,0.0, 0.0,0.0,0.0, 0.0,0.0,0.0
2016-10-11 12:01:00,26.2,56.9,497, 10.63,25.437, 0.0,0.0,0.0, 0.0,0.0,0.0, 0.0,0.0,0.0
2016-10-11 12:02:00,26.2,56.9,492, 10.63,25.437, 0.0,0.0,0.0, 0.0,0.0,0.0, 0.0,0.0,0.0
2016-10-11 12:03:00,26.2,56.9,492, 10.63,25.437, 0.0,0.0,0.0, 0.0,0.0,0.0, 0.0,0.0,0.0
2016-10-11 12:04:00,26.2,56.7,491, 10.68,25.437, 0.0,0.0,0.0, 0.0,0.0,0.0, 0.0,0.0,0.0
2016-10-11 12:05:00,26.2,56.6,492, 10.7,25.5, 0.0,0.0,0.0, 0.0,0.0,0.0, 0.0,0.0,0.0
2016-10-11 12:06:00,26.2,56.5,497, 10.72,25.5, 0.0,0.0,0.0, 0.0,0.0,0.0, 0.0,0.0,0.0
2016-10-11 12:07:00,26.3,56.6,499, 10.76,25.5, 0.0,0.0,0.0, 0.0,0.0,0.0, 0.0,0.0,0.0
2016-10-11 12:08:00,26.3,56.6,502, 10.76,25.5, 0.0,0.0,0.0, 0.0,0.0,0.0, 0.0,0.0,0.0
2016-10-11 12:09:00,26.3,56.3,501, 10.83,25.562, 0.0,0.0,0.0, 0.0,0.0,0.0, 0.0,0.0,0.0
2016-10-11 12:10:00,26.3,56.4,498, 10.81,25.562, 0.0,0.0,0.0, 0.0,0.0,0.0, 0.0,0.0,0.0
2016-10-11 12:11:00,26.4,56.3,492, 10.89,25.562, 0.0,0.0,0.0, 0.0,0.0,0.0, 0.0,0.0,0.0
2016-10-11 12:12:00,26.4,56.3,490, 10.89,25.625, 0.0,0.0,0.0, 0.0,0.0,0.0, 0.0,0.0,0.0
2016-10-11 12:13:00,26.4,56.2,491, 10.92,25.625, 0.0,0.0,0.0, 0.0,0.0,0.0, 0.0,0.0,0.0
2016-10-11 12:14:00,26.4,56.4,491, 10.87,25.687, 0.0,0.0,0.0, 0.0,0.0,0.0, 0.0,0.0,0.0
2016-10-11 12:15:00,26.4,56.4,491, 10.87,25.687, 0.0,0.0,0.0, 0.0,0.0,0.0, 0.0,0.0,0.0
2016-10-11 12:16:00,26.5,56.1,490, 11.01,25.687, 0.0,0.0,0.0, 0.0,0.0,0.0, 0.0,0.0,0.0
2016-10-11 12:17:00,26.5,56.1,487, 11.01,25.687, 0.0,0.0,0.0, 0.0,0.0,0.0, 0.0,0.0,0.0
2016-10-11 12:18:00,26.5,56.3,484, 10.96,25.687, 0.0,0.0,0.0, 0.0,0.0,0.0, 0.0,0.0,0.0
2016-10-11 12:19:00,26.5,56.2,480, 10.98,25.75, 0.0,0.0,0.0, 0.0,0.0,0.0, 0.0,0.0,0.0
2016-10-11 12:20:00,26.5,56.2,481, 10.98,25.75, 0.0,0.0,0.0, 0.0,0.0,0.0, 0.0,0.0,0.0
2016-10-11 12:21:00,26.5,55.8,488, 11.08,25.812, 0.0,0.0,0.0, 0.0,0.0,0.0, 0.0,0.0,0.0
2016-10-11 12:22:00,26.5,55.2,496, 11.23,25.75, 0.0,0.0,0.0, 0.0,0.0,0.0, 0.0,0.0,0.0
2016-10-11 12:23:00,26.5,55.0,493, 11.28,25.75, 0.0,0.0,0.0, 0.0,0.0,0.0, 0.0,0.0,0.0
2016-10-11 12:24:00,26.5,54.9,491, 11.31,25.75, 0.0,0.0,0.0, 0.0,0.0,0.0, 0.0,0.0,0.0
2016-10-11 12:25:00,26.5,55.0,487, 11.28,25.75, 0.0,0.0,0.0, 0.0,0.0,0.0, 0.0,0.0,0.0
2016-10-11 12:26:00,26.5,55.0,486, 11.28,25.75, 0.0,0.0,0.0, 0.0,0.0,0.0, 0.0,0.0,0.0
2016-10-11 12:27:00,26.5,54.6,490, 11.38,25.75, 0.0,0.0,0.0, 0.0,0.0,0.0, 0.0,0.0,0.0
2016-10-11 12:28:00,26.5,54.6,490, 11.38,25.75, 0.0,0.0,0.0, 0.0,0.0,0.0, 0.0,0.0,0.0
2016-10-11 12:29:00,26.5,54.6,500, 11.38,25.75, 0.0,0.0,0.0, 0.0,0.0,0.0, 0.0,0.0,0.0
2016-10-11 12:30:00,26.6,54.3,500, 11.52,25.75, 0.0,0.0,0.0, 0.0,0.0,0.0, 0.0,0.0,0.0
2016-10-11 12:31:00,26.5,53.9,496, 11.56,25.812, 0.0,0.0,0.0, 0.0,0.0,0.0, 0.0,0.0,0.0
2016-10-11 12:32:00,26.5,54.0,492, 11.53,25.812, 0.0,0.0,0.0, 0.0,0.0,0.0, 0.0,0.0,0.0
2016-10-11 12:33:00,26.5,53.7,496, 11.61,25.875, 0.0,0.0,0.0, 0.0,0.0,0.0, 0.0,0.0,0.0
2016-10-11 12:34:00,26.6,53.5,495, 11.72,25.812, 0.0,0.0,0.0, 0.0,0.0,0.0, 0.0,0.0,0.0
2016-10-11 12:35:00,26.6,53.4,492, 11.75,25.812, 0.0,0.0,0.0, 0.0,0.0,0.0, 0.0,0.0,0.0
2016-10-11 12:36:00,26.6,53.2,493, 11.8,25.812, 0.0,0.0,0.0, 0.0,0.0,0.0, 0.0,0.0,0.0
2016-10-11 12:37:00,26.5,53.1,500, 11.76,25.812, 0.0,0.0,0.0, 0.0,0.0,0.0, 0.0,0.0,0.0
2016-10-11 12:38:00,26.6,52.9,500, 11.87,25.812, 0.0,0.0,0.0, 0.0,0.0,0.0, 0.0,0.0,0.0
2016-10-11 12:39:00,26.6,53.3,499, 11.77,25.812, 0.0,0.0,0.0, 0.0,0.0,0.0, 0.0,0.0,0.0
2016-10-11 12:40:00,26.5,53.3,500, 11.71,25.812, 0.0,0.0,0.0, 0.0,0.0,0.0, 0.0,0.0,0.0
2016-10-11 12:41:00,26.5,53.3,503, 11.71,25.812, 0.0,0.0,0.0, 0.0,0.0,0.0, 0.0,0.0,0.0
2016-10-11 12:42:00,26.5,53.1,504, 11.76,25.812, 0.0,0.0,0.0, 0.0,0.0,0.0, 0.0,0.0,0.0
2016-10-11 12:43:00,26.5,53.1,507, 11.76,25.812, 0.0,0.0,0.0, 0.0,0.0,0.0, 0.0,0.0,0.0
2016-10-11 12:44:00,26.5,52.8,515, 11.83,25.875, 0.0,0.0,0.0, 0.0,0.0,0.0, 0.0,0.0,0.0
